xxxxxxxx
00000000
00000061
00000000
0000616e
00000000
00000061
00000000
00000061
00000000
00666564
00000000
00666565
00000000
00616e64
00000000
0000616e
00000000
616e6465
00000000
00666565
00000000
00616e64
00000000
66726f64
00000000
00000061
00000000
00616e64
00000000
616e6465
00000000
66726f64
00000000
616e6469
00000000
00000061
00000000
66726f64
00000000
66656564
00000000
00616e64
00000000
66726564
00000000
00000061
00000000
616e6469
00000000
00000061
00000000
00000061
00000000
616e6469
00000000
66726f64
00000000
00000061
00000000
00626168
00000000
00666564
00000000
00000061
00000000
00000061
00000000
00000061
00000000
00626168
00000000
66656564
00000000
00666565
00000000
00000061
00000000
62617474
00000000
00616e64
00000000
00666565
00000000
0000616e
00000000
66726f64
00000000
00616e74
00000000
616e6469
00000000
66726f67
00000000
616e6465
00000000
00666564
00000000
66726565
00000000
00616e74
00000000
616e6465
00000000
00000061
00000000
66726f64
00000000
00000061
00000000
00626174
00000000
66726f64
00000000
66726f67
00000000
66726565
00000000
66726f64
00000000
00616e74
00000000
616e6469
00000000
66726f64
00000000
