611
791
6F1
681
651
6A1
611
6E1
201
7A1
701
611
660
720
650
640
631
721
631
611
691
791
6F1
781
641
621
721
660
620
610
681
651
7A1
6F1
660
650
650
640
661
651
641
6E1
6F1
681
751
771
781
761
661
651
651
640
620
610
680
660
721
651
641
7A1
711
701
611
6E1
641
660
720
6F0
670
611
6E1
721
6B1
611
6E1
641
651
661
651
651
201
6F1
681
651
761
641
781
6B1
611
6E1
660
720
650
641
6C1
671
6C1
731
701
681
661
721
6F1
641
761
201
791
6F1
741
771
611
6E0
640
690
6D1
751
661
771
791
6E1
751
6B1
611
6E1
641
681
761
7A1
6A1
711
6B1
611
6E1
641
651
6D1
791
711
661
721
6F1
641
651
791
771
6C1
611
6E1
641
691
671
691
7A1
670
770
620
611
741
661
721
6F1
641
661
651
651
641
681
631
6F1
6D1
611
6E1
641
6C1
751
691
661
6B1
6E1
661
721
651
641
641
201
721
711
611
611
6E1
641
691
711
641
7A1
611
6E0
640
620
611
741
6F1
681
651
761
781
711
731
6A1
6E1
631
611
6E1
641
691
6E1
6B1
791
671
721
631
661
721
6F1
641
6F1
621
611
681
691
751
771
6A1
791
6F1
681
661
651
641
6F1
721
6F1
751
7A1
721
631
611
611
671
741
781
711
791
721
641
621
7A1
781
791
6F1
681
651
621
611
681
661
651
651
641
661
651
651
201
621
611
741
741
611
6E1
641
721
661
721
741
791
6F1
681
651
631
661
651
651
201
651
6B1
711
751
691
611
6E1
621
7A1
661
721
6F1
641
661
7A1
681
721
691
6C1
6F1
6D1
781
611
6E1
741
791
761
621
611
6E1
641
691
661
721
6F1
671
611
6E1
641
651
6D1
781
661
651
641
791
761
661
721
651
651
701
681
711
761
6F0
730
790
611
6E1
741
740
770
6C0
611
6E1
641
651
681
711
761
6F1
731
761
201
791
6F1
741
611
661
721
6F1
641
791
761
621
7A1
781
6D1
6B1
621
791
6F1
681
651
691
6C1
6F1
6D1
621
611
741
781
661
721
6F1
641
761
621
7A1
661
721
6F1
671
661
791
6F1
681
651
6C1
6F1
6D1
781
621
661
721
651
651
771
791
761
621
7A1
781
6D1
6B1
621
661
7A1
791
6F1
681
651
6F1
6D1
781
621
660
720
650
650
771
791
761
621
7A1
781
6D1
661
721
6F1
641
681
721
691
6C1
6F1
6D1
781
621
611
6E1
741
781
611
6E1
641
691
7A1
781
6D1
6B1
660
720
650
650
721
691
6C1
6F1
661
721
6F1
641
691
6C1
6F1
6D1
781
691
691
691
691
6F1
6D1
6D1
611
